"Code","Year","Matches","Won","Lost","Drawn","NoDecision","Tied"
"aldr",1972,6,2,2,2,0,0
"angg",1983,1,0,1,0,0,0
"angg",1984,4,1,3,0,0,0
"angg",1986,1,0,0,1,0,0
"angg",1988,1,0,1,0,0,0
"angg",1989,1,0,1,0,0,0
"angg",1990,2,0,1,1,0,0
"angg",1992,1,0,1,0,0,0
"angg",1993,1,0,1,0,0,0
"angg",1995,9,3,4,2,0,0
"angg",1996,1,0,0,1,0,0
"bowm",2005,4,0,3,1,0,0
"brid",1974,6,1,4,0,1,0
"brid",1975,8,4,3,1,0,0
"brid",1976,10,5,4,1,0,0
"brod",1997,3,1,1,1,0,0
"char",1966,7,2,4,1,0,0
"char",1967,1,0,0,1,0,0
"clac",2001,1,1,0,0,0,0
"clac",2002,1,0,1,0,0,0
"clac",2003,12,3,6,3,0,0
"clac",2004,3,1,2,0,0,0
"clac",2005,12,3,2,6,0,1
"clac",2006,14,2,10,2,0,0
"clac",2007,11,1,5,3,1,1
"clac",2008,16,4,7,4,1,0
"clac",2009,21,6,13,2,0,0
"clac",2010,19,9,7,3,0,0
"clac",2011,15,3,11,0,1,0
"clac",2012,6,0,5,1,0,0
"clac",2013,1,1,0,0,0,0
"clkm",2012,1,1,0,0,0,0
"clkm",2015,1,0,1,0,0,0
"coop",1977,27,14,6,6,1,0
"coop",1978,22,9,8,5,0,0
"coop",1979,21,6,5,10,0,0
"coop",1980,19,8,6,5,0,0
"coop",1981,20,9,3,7,1,0
"coop",1982,23,9,5,8,1,0
"coop",1983,23,6,11,6,0,0
"coop",1984,4,2,0,2,0,0
"coop",1985,1,0,1,0,0,0
"coop",1986,3,1,2,0,0,0
"coop",1987,3,2,1,0,0,0
"coop",1988,2,0,1,1,0,0
"coop",2008,2,1,1,0,0,0
"dugd",1996,4,1,2,1,0,0
"ellj",1997,1,0,0,1,0,0
"ellj",1998,3,1,1,1,0,0
"ellj",1999,3,0,0,3,0,0
"ellj",2000,1,0,1,0,0,0
"fart",1972,1,1,0,0,0,0
"fart",1977,6,2,2,2,0,0
"fart",1978,7,3,2,2,0,0
"fosk",1995,3,2,1,0,0,0
"gred",2018,1,0,1,0,0,0
"gwip",1958,4,1,1,2,0,0
"gwip",1959,5,3,1,1,0,0
"gwip",1961,22,8,9,5,0,0
"gwip",1962,22,11,5,6,0,0
"gwip",1963,27,14,6,7,0,0
"gwip",1964,29,10,12,5,1,1
"hawa",1994,16,6,7,3,0,0
"howv",1972,11,3,1,7,0,0
"howv",1974,3,2,0,1,0,0
"howv",1975,9,5,2,2,0,0
"howv",1976,12,6,4,2,0,0
"howv",1977,9,5,3,0,1,0
"howv",1978,9,3,2,4,0,0
"howv",1979,9,4,4,1,0,0
"howv",1982,7,1,3,3,0,0
"howv",1983,2,0,0,2,0,0
"lead",1989,3,1,1,1,0,0
"lead",1990,16,7,3,6,0,0
"lead",1992,14,4,5,4,1,0
"lead",1993,4,1,3,0,0,0
"lead",1994,4,1,1,2,0,0
"lead",2004,1,0,1,0,0,0
"lesa",2007,3,0,2,1,0,0
"lesa",2008,1,0,1,0,0,0
"lesa",2009,1,1,0,0,0,0
"lesj",2003,3,0,2,1,0,0
"lesj",2004,9,3,6,0,0,0
"lesj",2005,10,5,5,0,0,0
"mana",1996,1,1,0,0,0,0
"mana",2016,1,1,0,0,0,0
"manc",2001,1,1,0,0,0,0
"manc",2002,3,1,1,1,0,0
"manc",2003,2,1,1,0,0,0
"manc",2004,1,1,0,0,0,0
"midd",2011,2,1,1,0,0,0
"midd",2012,3,1,2,0,0,0
"midd",2013,18,9,8,1,0,0
"midd",2014,13,5,7,1,0,0
"mill",1993,1,0,0,1,0,0
"mill",1994,8,4,2,2,0,0
"mood",1992,1,1,0,0,0,0
"mord",1992,7,3,3,1,0,0
"mord",1994,3,1,0,2,0,0
"mord",1995,2,2,0,0,0,0
"mord",1996,3,1,1,1,0,0
"mord",1997,6,2,1,3,0,0
"mord",1998,8,6,1,1,0,0
"mord",1999,4,2,0,2,0,0
"mouc",1968,2,1,0,1,0,0
"mouc",1969,1,0,1,0,0,0
"mouc",1975,1,1,0,0,0,0
"nibk",1973,1,0,1,0,0,0
"norv",1984,2,0,2,0,0,0
"onlg",1957,11,5,4,1,1,0
"onlg",1960,7,3,3,1,0,0
"onlg",1961,1,0,0,1,0,0
"onlg",1962,1,1,0,0,0,0
"onlg",1965,34,13,11,9,1,0
"onlg",1966,35,18,10,5,1,1
"onlg",1967,39,18,13,8,0,0
"onlg",1968,31,9,14,7,1,0
"onlg",1969,25,9,7,9,0,0
"onlg",1970,26,7,10,9,0,0
"onlg",1971,4,1,0,3,0,0
"onlg",1972,17,3,8,6,0,0
"onlg",1973,18,6,5,7,0,0
"onlg",1974,33,9,11,13,0,0
"onlg",1975,21,7,9,5,0,0
"onlg",1976,17,6,8,3,0,0
"onlg",1977,1,0,0,1,0,0
"oxls",1950,4,0,4,0,0,0
"oxls",1951,1,0,1,0,0,0
"oxls",1954,3,0,2,1,0,0
"oxls",1955,15,4,6,5,0,0
"oxls",1956,2,2,0,0,0,0
"oxls",1957,1,1,0,0,0,0
"oxls",1958,1,0,1,0,0,0
"oxls",1960,1,1,0,0,0,0
"oxls",1961,2,0,2,0,0,0
"oxls",1962,2,1,0,1,0,0
"oxls",1963,3,1,1,1,0,0
"oxls",1964,17,10,4,2,1,0
"oxls",1965,10,2,5,3,0,0
"oxls",1966,3,1,2,0,0,0
"oxls",1967,3,2,1,0,0,0
"oxls",1968,8,4,3,1,0,0
"oxls",1969,5,2,2,1,0,0
"oxls",1970,16,4,7,4,1,0
"oxls",1971,39,9,22,8,0,0
"oxls",1972,8,1,3,4,0,0
"oxls",1973,8,2,1,5,0,0
"oxls",1974,3,1,1,1,0,0
"oxls",1975,5,0,5,0,0,0
"oxls",1976,7,2,3,2,0,0
"oxls",1977,4,1,1,2,0,0
"oxls",1978,7,2,2,3,0,0
"oxls",1979,4,2,0,2,0,0
"oxls",1980,1,0,0,1,0,0
"pinw",1970,4,1,3,0,0,0
"pitg",1993,1,0,1,0,0,0
"redd",1969,2,2,0,0,0,0
"sanj",1979,8,1,3,4,0,0
"sanj",1980,9,3,3,2,1,0
"sanj",1981,6,1,3,2,0,0
"scog",1949,12,4,7,1,0,0
"scog",1950,10,6,2,2,0,0
"scog",1951,16,8,5,3,0,0
"scog",1952,1,0,1,0,0,0
"scog",1953,7,3,4,0,0,0
"scog",1954,5,3,1,1,0,0
"scog",1957,1,1,0,0,0,0
"sewa",1982,1,0,1,0,0,0
"sewa",1984,4,2,0,2,0,0
"sewa",1985,3,2,0,1,0,0
"sewa",1986,33,8,15,8,0,2
"sewa",1987,34,13,10,11,0,0
"sewa",1991,19,2,6,11,0,0
"sewa",1992,21,9,8,4,0,0
"sewa",1993,31,11,12,8,0,0
"sewk",1986,1,0,1,0,0,0
"sewp",1968,3,1,2,0,0,0
"sewp",1969,10,5,2,3,0,0
"sewp",1973,7,2,3,2,0,0
"sewp",1982,1,0,1,0,0,0
"seyc",2015,1,1,0,0,0,0
"seyc",2016,2,1,1,0,0,0
"seyc",2017,2,2,0,0,0,0
"shaa",1971,2,1,1,0,0,0
"shaa",1972,1,0,1,0,0,0
"shaa",1973,10,2,5,3,0,0
"shaa",1976,1,0,0,1,0,0
"shad",1995,5,5,0,0,0,0
"shad",1996,7,4,2,1,0,0
"shad",1999,1,1,0,0,0,0
"shad",2000,4,2,1,1,0,0
"shad",2001,2,0,1,1,0,0
"shad",2009,1,0,1,0,0,0
"shad",2010,1,0,0,1,0,0
"shad",2011,4,4,0,0,0,0
"shad",2012,9,2,4,2,1,0
"shad",2013,3,3,0,0,0,0
"shad",2014,3,0,2,0,1,0
"shad",2015,2,1,1,0,0,0
"shad",2016,4,2,2,0,0,0
"shad",2017,3,1,2,0,0,0
"shad",2018,1,1,0,0,0,0
"shep",1982,10,4,5,0,0,1
"shep",1991,1,0,1,0,0,0
"shep",1992,6,2,3,1,0,0
"shep",1993,1,1,0,0,0,0
"shew",1994,1,1,0,0,0,0
"shew",1995,11,5,1,5,0,0
"shew",1996,17,11,2,4,0,0
"shew",1997,18,9,1,8,0,0
"shew",1998,8,3,1,4,0,0
"smic",2010,1,0,0,1,0,0
"smic",2011,1,0,0,1,0,0
"smic",2015,2,1,1,0,0,0
"solw",1951,3,1,2,0,0,0
"solw",1952,20,9,5,4,2,0
"solw",1953,22,10,6,5,0,1
"solw",1954,22,12,7,2,1,0
"solw",1955,23,15,6,2,0,0
"solw",1956,17,9,3,4,1,0
"solw",1957,17,9,6,2,0,0
"solw",1958,21,12,5,4,0,0
"solw",1959,24,8,7,8,1,0
"solw",1960,15,8,3,4,0,0
"solw",1962,1,0,1,0,0,0
"solw",1963,1,0,1,0,0,0
"solw",1968,1,0,1,0,0,0
"solw",1969,3,2,0,1,0,0
"sprt",1998,10,2,5,3,0,0
"sprt",1999,13,2,7,4,0,0
"sprt",2000,12,7,2,2,0,1
"sprt",2001,15,10,3,2,0,0
"sprt",2002,18,11,5,1,1,0
"sprt",2003,14,8,5,1,0,0
"sprt",2015,17,11,6,0,0,0
"sprt",2016,14,11,3,0,0,0
"sprt",2017,18,9,9,0,0,0
"sprt",2018,15,8,6,0,0,1
"stav",1969,1,0,1,0,0,0
"ster",1960,4,0,3,1,0,0
"ster",1961,1,1,0,0,0,0
"thad",1992,1,0,1,0,0,0
"thad",1993,12,4,4,3,1,0
"tine",1952,2,1,0,1,0,0
"vaum",1966,1,0,1,0,0,0
"vign",1963,15,7,3,5,0,0
"vign",1964,3,2,0,1,0,0
"vign",1970,2,0,2,0,0,0
"woom",1992,2,1,1,0,0,0
"woom",1994,13,3,5,5,0,0
"woom",1995,15,6,5,4,0,0
"woom",1996,18,8,3,7,0,0
"woom",1997,16,8,6,2,0,0
"woom",1998,14,4,4,4,2,0
"woom",1999,14,4,5,5,0,0
"woom",2000,17,7,4,6,0,0
"woom",2001,16,4,3,8,1,0
"woom",2002,16,2,10,4,0,0
"woom",2003,2,0,2,0,0,0
"woom",2004,2,1,1,0,0,0
"woom",2005,2,0,1,0,1,0
"woom",2006,5,0,5,0,0,0
"woom",2007,2,0,1,0,1,0
"woom",2011,1,0,0,1,0,0
"worj",1990,8,5,2,1,0,0
"worj",1991,22,10,5,6,1,0
"worr",1997,1,0,1,0,0,0
"worr",1998,2,1,1,0,0,0
"wort",1980,16,5,3,8,0,0
"wort",1981,12,2,7,3,0,0
"wort",1983,6,2,4,0,0,0
"wort",1984,29,7,13,8,1,0
"wort",1985,32,12,16,4,0,0
"wort",1986,4,2,2,0,0,0
"wort",1987,5,0,1,2,2,0
"wort",1988,36,20,6,10,0,0
"wort",1989,40,19,10,9,2,0
"wort",1990,18,2,6,10,0,0
"wrig",1956,8,1,6,1,0,0
"your",1999,1,0,0,1,0,0
"your",2001,2,1,1,0,0,0
"your",2002,1,0,0,1,0,0
"your",2003,2,0,1,1,0,0
"your",2004,2,0,1,1,0,0
